$ANSIBLE_VAULT;1.1;AES256
34613132633538653664363365386236653266323233636462336635613965316632613937383932
6362313964383765373331623565343137626333393162380a633139356336666262646538356461
37323636366364303161613732646265663836333765363066333037346237396634663936393733
3663373533616162300a643335326439653166636331366565346335363637366433373239326464
61376237646632616532306534373738653035623639643630393434373536643464313461323762
37656265303831356339613764626637663562333766383131386434363136366430636265613131
37383363633863313163366465386339613634313437633061376566323262353538343536633862
36656230316638663538346336396230613736313835653264376463323561363933616636356339
38353664616438336333366134343166623632313835363464623239636130636338353035616563
33623736646265363565636634343531346130303034626139636334656161383566653633316430
37386534633834396630393530326138623066623133373861616566366466383637633638663339
65336436333336373462623963303664336265383133343261316537356664356133373064306564
34383936363364643831633537646361393933663963333864613635373136663530343265656438
35653364636163316336396563353139396165356662323436643238633139636131313066353334
32306230306437333261643731633964316534376231333239666466323433633933393366333736
63373336326162366565356565626336373462366239313863363664643136353736666164343037
37346564376566343463323564326530336162306436613239623663343465326163383562663962
32343136316435343435646533333164663435646635393735333466636431653736336236633963
63646362306332623936323263353833323239303162313537353634323464386263323639316661
30666161633337393365616637303566643430396436393735643164663161616533616132313936
66353761383735663365316436353465316239373063343333303162663932666464346337333061
63356136386133613131376664363232633863343832343334613530313836613235326437396636
63623961363062646633333366336131623437666165663333363963356339333833323362336564
38353538376635383565616633663030396430373865373062346530663934353934333836366135
38636431303939373066326565316462663565636365636338636239326561616235373961346237
66383136326465646337373238306634306463373732633264663666336466316566333633343230
31393061326436363635616635383037343234366161623463656139343162306438313032303436
61666432626135653163353131346438373032386461326139376261633834633061626263316230
63396664383039613534616362656162303239666331393032353234623061366238336265383130
35663966646364383935316364363434353861646537306230353334326431386131623237393332
38326332336431386431336537333839343739323834393832646363666638313535303231336661
35353864323462366463373235313238363438376337643837666435346633303263643437643638
34383236633236363736383830623331366430343431633063316165366539316136663861363431
32313363636163343462306566373531313830663230316133663063633461656264623236373530
66306134313965623064616533373932303134663632343031633235343635613936633064393735
38643331613330316165373638666236333232346263326533646439383566333066303762313433
34346263396330643432363532633939666230633336326430626264393431333634316363333236
62643731323437353564666362643937633035633336393261333561633934333462376339656565
38626238396639356533353331343538373435383061333232663738336334316363636637393965
31336634613566316537363738343333393066646332643236336633393930636135383265386533
65626339653032623839643134393063306430656532643337636566646338346363616131633262
33626261616338336432666462616332353234346438353838613362613932316236613433363831
62356362333236656366636135356234356362646436633537663634646634663838633639613164
36656539656631663739363363366239663830326165623563383064316434336435343733653066
39613865643439363761353861653863636234636165343039353133643563323738306464643933
66306163316530326633626266653563653233356361633764623436386237626234363539303466
38626132373333616336376239663638393439326662306135333633336433373832376364316237
61373436393465323936633866393030633962396530613962623330303537366231326330646138
32643031623166333431613662383931333638373833326432313066346432383637313234346233
66633930326631333664376635303533313134616336333131666265343061356239303239633135
32393535393136303137326530626666653138663761623331373530353561316232633236643536
64626137323937663838613639326236323935626363316466306535396132373231343132656631
30346430383261663830333031316138623237663633633464353861333764303964376331373364
39356364353434666563646133643339653864303161346163366365386665633866653333326162
31373530323933363433666438353265363435663062343764353430613665633734646563666637
63306236613838383762303130323233376366636136636365663163376437326237386462313834
39646165303763366562353937666235383739396464366465666666643835306365303061306362
34626461623737393039383635373462383163356339616466626532303065666632663836336639
33663936356637343534373535306661643933306433616231336364366233653036346463396666
64373532326561386662626330353836666465383533626164663738396463643839393432333565
34313266373037333532306336323137633531323761333434376632386461303332636565393863
66626366336664323738653530623038393137333938383734653839633539333463336164333462
37656261626534313262343164376230396334616237636563373664373638646165643461393132
31633061343432363661356535633266316232326539346536613139326533346139336561653933
38626334643838653630323463356261393162633332646432336166636331653262333063353933
30353633646165346364363862373463333232653436663363376338393066363935663763343932
32323461336264663331643831613032623630363932633439336139313739353634643664346562
31343536613336623336653063346461303865383266663939626135383862343664353830383037
66363835633235306665326531366635616430663735306562633037313337646362316231373938
34393463343234383863323366373137333265626238353233353264393365653462336666303437
37613035653131386138306239343236353130353231366230383137666432343136363366353166
30303765663665343031643731396131373639653930663666666530323166653330383034653735
61376462386238633163663136626232663837633065323763613564633662383666306565666638
32643137333764333364393230306135313865373536306563663034313166623561326431373532
33323735626164386133666235376266383630363432326133623437373434303862623537363735
61663438633661386438663633316538653537663264366638336264363033636232643839373138
63643230383861343830646235303538663961613762626236613439656637663463383330633138
36366235346137383931653134616564653863346233663963613365323834356133356130363765
36383036633231326332376264363466633033663737663564643361336565366638646533333966
31313133336430323031613633346230653735373639633365316639303239643832636166653562
36666638616663313535366432373865613236623562303066353639356664666565633433383434
32653738366439383864356239633935333361623462366339323963666437333330313836663630
63643364376436336230623162343138366431333865323236333662643034633164313666366562
34643934646162326365376130623061643137653439613130333538616366336265626661346261
30363937353038643731616631666433306535396265363263373133396166303539643263363139
63626166396561633835613434633065316332373132323737623530383538623466626431326166
35663739616537306232636536613861343338616132336665333665623539613238376363383330
31653361306366393362666334323037363064343338616665323938303062653838353036393762
39636163366338346665613262363864353834346237663634383764653463313031303463623338
39353238376636313166386134303838613530373034626237306266386431353665626131616361
66666631323335613431636263663561393037653664343361303935613166623139313666366235
36393137643766323764646266623534313830363135316639393234663734363934396364393164
30386536303965373832633439353763333938396665386565353834353237376134353261366435
32393639346234383464666638663631373438336636643230383531663965383263313336346436
34386136376430656566363066653334636266396461316535383039643736663662396637366236
34333333386236333636616433346163363764633435353966326363653936636639353738646430
32666561646332346166373862306434373434396234303839373134666234393664383833393930
33366235653639346135366362653833643432313166313664316538623461643038616662323433
62623731616265373836633262643430366337646564383839376534653834383061636234313638
32653834653736313466653838653430613938383732623134373636633531393961616235303261
37396162653437666136376635366234373036396533303139353033323435366261353139353765
34663131386633333061346565663531386330363564613237623832653363656335373037633833
39396434656437366534373138323963386537613235353561396238373663386562313533353265
33613731356137336665626265353363643038346137626330646636326130636232316262333535
66636535346336343534623661323730636430326430633865336231653938346135373932383530
30653931366233653637653436663965626164316536323936363066653331353638333962363765
33373961666234323931663962663938313030333432623765363731663133373465353764663639
31356266343962343961383961626466396631366335306230616663383837623037303037366534
35666137393261333535316135363665383935386631313533393332343734333033663661643361
64663136363865303835646665303064396237373934636631623238643062323330326162326161
33336134396364643237333934356439383630646265313339366530313062626366366363376265
33633038633639653638366431333639373531373130316365356134633965343237663262666266
39376661366161636232613838666530366139653439646530656531393061356162616336616365
33613163633431636334336531363531663337313737373364633166646165393330623865643866
66306534306334613135373136393064343335356264303832313037373166613433333964393831
33376437393030636237636434303935333239666365326665653362353233303330613363383937
64616665323539383337373564666631383136626330663031336232666632663239316535363164
64363236353136616536343066336362663564303339313439626236333334343335323831633837
61393164316135356430363436633666613065306637346262616233363731653862656330633966
32616335373034616462396266323237666436653766636234396261626266623464313136393839
61353738393162373430393861303038383831303533313635326331306632383030633932643034
64303634363364323333373937633932663838663463383535373536626438656139343166663230
38626130396666383232613462313562323666376264363666396230643239666265353634623635
34323765366637656433323031373833323633356433336233363733343933636430353532656439
32373464623535336565363364663139663033636331353162393832363438333363353262623637
33303137393064383139623766393864313436616638333763383835643030316437626163363938
31626130356634313839343036643932633630643132663538386133376362363535643764303862
37356536363061303962303938396531376530643232376633313534366537643232366536346161
36646162326437646563333763306463653936663439313834346537356464636462613637326438
64616264376261346533333261386361316339306530663637326330613030323133633763326130
61663335653636383862633836366463363832633430663138626263316438333631366637643264
64376539356235646633666536343066326663626535306564356630316339653135613834366362
66376634616265663736643965323436623733636239343633396635353865313430393166326264
31356431613737316566356639643462363165363163323132313538356363346237373965386136
30616338616365323234303562366437303535303561366162353533313530383831303630653033
30656236353737653463376533623631303238383539633832316632303262363561323538653334
61393731303438393632346334636137383135643463316231643636303731653834613961666637
32376237336437656532616132636632313066323037306232613961343236316666306263316163
37613961616230616139653264653035623934623732343635373636623234353066343566633833
63343932646261336236333362666337613234653137343165386665303830326463353039643034
37343937353631623365373762626637343461306238633965613439313763336235643463383737
37393437393639333532383566636131376239616433316563326635616266636431363363313762
64376562646237303630323866326436656236366131383934656538633465313630303162373335
38306333643665356162353133393339643766393666383061346366333533363566616261353664
61343462643635353032393763383064353861393965313930306662666664363063376265353731
32613336356461306531663866613961666432353564656461396364353631666363613761306235
37663832383232353930313237666666636166623665373564353334666665383638323536346430
61363031353161653438366262313730613234393037333965303439323064313537626563373137
38613662616537373936356438386137373465316531386261313236653463323539316238333736
39666431336134633364303166633161633536666431386237646637383439383064313231313436
36633938646336373739303966643865313138376131663733616435633632363662323636666162
64653733306266656663626135366636373461373939386230616437313262336565333466316566
64393531333632623532653637666331333661376534323337633638336236306334323438643134
63666333666536386337656236626263303265303666396464366231623230653935633235316230
30356235643933323739306431333566383233333936613066643930633035363239386264663934
34376133653635363061303965643231353133616233616135376539653366306261346331376339
38306461343361323132356361313731373763656362643632613263656339363039646262623866
37393032316130643634306334623863366539663837636536626566326632653361636465623466
62393433326139663235333938333063313537383336383833333136383561326438623365316430
38636161636130663865373763663435323162623431343765643232636663393939303730373431
63316332303832353634626466646133303363313264353138333734323935366532343764363935
32663937303334333361653932313766333630383365326238376531313364343135643038303234
34303566653265343566316161366361393332383262353063316635346330616232373739623937
39346434353738326435326663343262306636646163636336333161613865373763373962323130
31336335306534666666396434653532653730636633326636353132623136356433393237653866
65356239616132383237363633333534373732383663393438343263303863326439616538643535
36333638363832313832376337623837373961616536353337396266353564376538346537343461
65656237376162323232613831643735336162393863373938653739373131626362316265313265
35653466653439393535666535613466333433633137303765353266623733323833383630313932
63653262376534303834393137386336343239303235313963333938346264373566613231353462
33383730383764616161646138323636393336663862326437303265353232316565663864336336
34666638373836643630376264323562373461323138303065643063663630333663653430626161
61313838353332663265383862323037333664396164373766396635656362393930646435643366
36656537306135666534613839623432616263303837333161633266353165666335643736333563
31646635386530663137653337656331363866636430386462323564386531346265643736666431
37393939306135323165653338613430316231396262303365346633363863363262663639633235
65313932343738653038636461373861393734353637313965363063353932616336393036306135
64376362643336613735373337383834393130336531613462636136616534303938303663323830
62613865346635376666336533313237323564356339373830343264363765373439646663316231
31396234303438653737333766356632666130316231366161383435323031363132336161653363
64383933336463306162373330353265363032373463616539346536366465343761363266336332
32383039386262303464376564666466663433383531656336356533383631626362353837623531
38636539656364656534656164613634663937316363623831306262313764393632623738323663
35616230333866626564383765323435363735393165666466343963386637386436653965396461
63636564316462653437323435376635353838623464616539396531356434346363363736353066
33373032333864636633383338363933646661653661663765643532646662343561363132616562
35313936336430393336613261326634336261366134653237366535336634313062353065373031
32333035363938336233653861656332616134353433613065666132393361366263353536666437
34363961333834313337643462623964386231386530356131373636336166656539383331653764
34313937396536396231633036373531643463353038646438326633386636323735313061333938
32613263373761666631373333636638353563313730633237373139333536313764343930303764
65613931633366333930356535393135663834356534613736353561343536666661373463353561
36623363316137386131653633343536626364323831663135353765366237326165383536323862
65313361363361346436343461623637313434376261326265393639656364656666333536363333
65613737636233633330343362383436633265303535346439346532303661636231363034616666
37353662616638373066373962383832373433393732623263646534663461623231303862356562
66363163626664353861626366363432323132663233313332633332643066613830346564616130
34343263353635636632316231636335303539613835653535316536346638333031393263373766
33396663653161316666333037346334633831646533383231393463356461623863646638346466
38623666323562326538353234666263316234656431313761633564316532356136336162386537
32373538663663386563333432643237393036343039633930376138306637353236393262386233
38303462373934306437396461623066306365373533383439373138366332646138663937326663
65363865396163623563643937353230393932366135643436316439303638646231663266656362
36326364326633646235306638633036383763336436393035636534633063363536636534623531
38393135626432383830666637323663636533313031326534643964306163336465653831626232
31346632333139623032343634356430646133653032376135366435303632303462363364333666
66303231636533316166626364626137316230636234613438316335633034313962633539643232
37333038313166656237643732613165393939633366393461313861353434366662303963386261
34366164353631353563363239653435663062643031323138303239633462326162313963353237
33373832333166333331393537646133356361323637333265623038343639356635333931646666
62333963353665313132646430303236636233343131353065306463656466396162613131623062
32346266363334616665646533623466383737643062363131333163623934666365306435623531
62346234623138383161346633633434393563643736633932646465656637626334613066326332
31343162383566346637646135393634666634353763396633663039393464316661333666316535
63336634383834333963326564343964383938316436396337666336663535333134633062353135
64326664653630613966383031333430353132663465643338363536363833653266633662303263
30323861336530376230333336636333393436303934633862356534393962653437373232393334
64306332356433363439626436306365626339393462616630383736356361343832383538313535
31353765316338393239376263313539303132643138366139623661346239326562656362373333
65386663323132396533616237626636663730383633396334636162303764353062386434633262
33313332316133626536323861646438353439306432303835303361336461336236393764313365
32616662613435336264396231326465636438343366333730323735353637636164663862326663
33616538316461346462373630653861386161306331396434623139353032396132633962643431
37353036376137363433383061666131306463393931363362353338366531383234363261366139
38386465663939336233313763303738636439356137313938356365656534363061663661653130
31623834613637326539353865393964303837323830373636623439343165353139313636373334
64333737373131346161663332393336633137656438383261626563653530303866373938653939
63613232636663656364623436356165366239343139653735663634616539626665316235376466
39343935393237383739613835313266323466666232343766396439373734623462626261303939
38373738396433636261613537313938643264613562393531313734633265623161313630316538
35616639336234303439353566366537653239306136616562623666643363346462333736393762
37373463383337376662323437326362386661633131373064666466653538623761616630353765
61333932383361653463346661323665383438616138306638343838323237376539623337376137
33373662373765346565323262373538633066623765313835373432626161343638316166373732
31656365306363343535626263303039653633616631663362623238343730386162346430323061
66643465373137363066343131323161393463383366383635623064613534376265373562656230
32383430366563396263636366376261373231366262306437383539623938316133353231653566
39666366306236636234373837353863396431323932646461313438396339643833663064333737
37633765386464386135343835613330303864613634386265616665653864653961633538663266
64323866366334353065393730366636383934396339396565316633656639363062326336623632
39343933336332306434323566633862313736303266636164633263646164313162383439616637
64376263333738306562326562383736613739646139316234313261336337666639313239383166
63623637313732396237393932313162313038386664383565623434383131616534383564333164
36643537613164623038363737366337636337373032663161303561383332343834313965616565
31343161623634336130636162636631633766366231656563353836666539373664383335666563
37346431336231306466643362666462383264646436613838316639393033613363386162303963
34633436356536336136643963396464393662616365646161336537643034373335633538636562
66366330663135353435383832646166616466663937666439656161636430356336376135656665
64313735646638623263373164336465363761353365393537383561636131373261373934346237
39326431373733336335333733396233383830346163616438626465643761623865653431346536
66656234373836343262373833346537653933653137633763383430383865653232386338616133
36366264613434393936373231623862653666616561366363633866346434316464666237313834
33643933656533306539356663306532366562636166386362326335393930303034643265363763
63623937633530626331613333353861373538313631313931306466306562653832383437353132
30353265303839313966646264336365303233346234313763363139626338393737663339663366
65336537343432383862613038623036333132373132393463353930636566353231333338636433
36353263613265656264626238343765303733376332376463663836646535613962343836373261
39326635666532363232633661333633383565393164343237323732353333623039623463636164
37656665653434303433303832346664313635623539333231383537653539663731643133366431
66666134396462383037366465643136636363646164663737316263303633363038623839356639
62373135373165393032633232666361396365343364386231326331336133623734366333303463
30326530383735373435323461363564333764303136333236626139366561373333373663336630
30326634633532393732653366663032666532383435303866316536376331326338323337633631
66363333653737326239376334613930356362383965323939393565646438396539633863316364
66653665306566386237356334396536313261633162313430626437306334323663623163363033
61643631653633356565656433656637343534616138323964613432383566306530623233333234
65373661303061313631336536393062323465643965346137343562663065356266343835646636
61383832643964393261396637633437333137656138633933316332626363316366373266393462
39646530646237326632313466366164636465643437366165663630633233616465383166343035
34313031623664313234366337353261323161623164643638663264303532373231393136386137
66613562346137346633303865393731353665626364393633366264323836326162316134393966
39373866616339353439666137393230653937313739643062623762333037316233646463356636
65656266366161323962623134666665326631663438623065303038356132663739623135383336
61633063306563356132366663333736366137303965316365313231633264656261306133626130
65393739326466383365316638313033616531383936633962366463636361333835366331303436
64336133313661376266396632626332666330336461636163396630353137373738353430316236
64656237383931356436643430336539366264636534636537316139393136393566336633353239
64646665306462656662366336363833646433363837613038663331353763666134376430663065
33623634303735613737616334616333373266356461643836313133326331313064386436633761
33376163386564346662326330303637646637363665353932623437346533386439643530376532
62306534353065653265303462626638313164643037636638363038616539386564626537363963
30633633643563396235386266656239613465633836643635333134353635383063346639353165
62643434393434393130393134353437366130663035613336633530353831386566303436386135
62393532306630393836633561613834633131656265373561323566663232656365303539373131
37363634343634336237353431353364646637376166633336646532656565343035323439393962
37363033633234393430633063613633636438343761623634333563343932333434393265633062
35363363633939633134316533636632663066656533333466396137633439316638396266313964
65393966356534646232306433653162623939373630666532373334383430366265646334316364
61356336303965353137643362373161666530303530303834313331353534333661666235313664
65353636663263346530353261333539616632376461333738396538396633333931346336306366
31666335333035336333653862363764633266376435653131643038643835376665646366333635
38643564633538646535613164306132623962326434343561616236653162613366373039306662
61616566623838366230303766303463626562303066373536316239373139303832346132313937
65366138663964383035666262353438663838323633326662613662306632393461663463626234
34633430323666353161653638393865643366336631636430373835613633653939663138646136
63383966303032636361653162313263353435313063666332346639386336653138346431313837
34313131623030646237323632386264376533393237613335653762326534373161656462383632
62323335646431363330313964643566633537343639366362303831303964313430336463656638
31303631643632333533656161616635363661633837653936333766313965356438656663376131
66653261633437626261386263343366353261663938336331343839323537363233663632666165
32626430306333663566656534373537313062353566313131643432333138316438666136373535
61383735376562343538643730656139653137636436633533323030306637633330393333323539
35323834626531396436383632353630643637643334393162333031363231303338363437306330
36333236363566623134633737326365346534613534393438633937363533346230376364656533
61393539656537326239663366353163306537663632343566663033653666313038373238656136
32326639356336636132623638323961646330303832613461353961306265663761663635646430
61643266343734363532323233653136303162666137353239656334346339613030386562346438
32353738613834626536393637373331346237376431316238363033613665323931353430613130
65616134643766396537663234613865353831303265343631326539663236626634376661356235
39393639396536376632353532393237646530643065633664613365393034386334363035353765
64393565353465613161363537613531616365343636396334633538623761653634326631383131
32343032343434653561343430656564373561626530626639396261373333366565366163386439
66363933663761646366663631643764346466336339616233353764323465653163633365613439
63343266343232663564656630386638616532363365333832363566306164646365636233373762
33363037386231343939393130643136666665616431636331623965316364323634363766623934
39643033376630623366386331336431393437316231323433383163306130333661303937383861
33373935323637353066313831646338373165336665353838616532623933323939353330383432
61653236326232366265306663346265353935393535666334303361363931353537633536643565
31343865316131393962366363386664343461343238363739353063643466343238383435376166
62383330656531373536643733313231386561373434666264376366346236663837343662656230
66383432386362316362656561623834336565373464633432623734633464386638333635663631
63383264333533393836303332376433373766656534623334353065336232303138336338613833
62653232326335656136313866313664373430363365383637383132613732393536356534613433
31633735316438346636653438366235313539636638653833363131363737636233313366623637
36356330386239303538386430346365306662386334666239323139616630373838393530353030
32303562653732333538363131646437356265613361313564386163353637303265363238623634
39363837353334636335356636366532363365663966336139616265343037343061356435643465
62313130663234333466366430313237303063396432636463313436373463643764303431343666
36666534333931366438333836646431386438636264626161333562663366306663663039386263
62323066383665353232633531376135366131306330396165643237306335313636333731663361
36303939393732666166373833316466366265383735653463653465656361313839326164653331
39623835656531373464326531396265383138616236313236393332326663323732323332383263
34323230343561623537613965643639383165323264616635323038313130323330613266316364
63376439616434613732303937613662653835376436306362656138653362373161656164323433
61636636613463343434393137636439346533336262323935353130313938613835643531663936
36353436373766323833613031336635623965313936663362356633653566626563356431616530
33363236373438353661353264643363656234333861363961396239626130636131633664646538
63386535663439316165613732383636663863366236646637336664306664643035393562666662
35393865666266336231346430393461346435653531666430316665636633366433346138303261
65353432376435623936346230646139323231386439396230316666633234373339643532366361
65316531326634366632363633356437663132643261623766323531346231653235653562383763
65393163356432666438636636616161623165373362343565663965393937366337393530313764
63366365323866623336663533666262663363663562333466343165643036663834653130303135
39393933323136313362623961333234666562363336303730656361613631616436353933626364
33343964643330303733393962316362386533663934656365366564623363353062376539383933
33336662383735336661616137333765613662613963616135393838646130343266633766643430
33303138653635346430666536613565646130396161613765363862396239643661643136613264
32663639353630383135666363393161613836346465373863343935623063653562326535376566
39326463663965346638306563653964646263633265333863313636356333313766
